# JRM09 internal field model (see Connerney et. al. 2018 (https://doi.org/10.1002/2018GL077312)) 
# RJ = 71492 
# max_degree = 10
# g(n,m) - (degree, order) - (row, column) - (1:max_degree, 0:max_degree)
# h(n,m) - (degree, order) - (row, column) - (1:max_degree, 0:max_degree)
410244.7 -71498.3 0.0 0.0 0.0 0.0 0.0 0.0 0.0 0.0 0.0
11670.4 -56835.8 48689.5 0.0 0.0 0.0 0.0 0.0 0.0 0.0 0.0
4018.6 -37791.1 15926.3 -2710.5 0.0 0.0 0.0 0.0 0.0 0.0 0.0
-34645.4 -8247.6 -2406.1 -11083.8 -17837.2 0.0 0.0 0.0 0.0 0.0 0.0
-18023.6 4683.9 16160.0 -16402.0 -2600.7 -3660.7 0.0 0.0 0.0 0.0 0.0
-20819.6 9992.9 11791.8 -12574.7 2669.7 1113.2 7584.9 0.0 0.0 0.0 0.0
598.4 4665.9 -6495.7 -2516.5 -6448.5 1855.3 -2892.9 2968.0 0.0 0.0 0.0
10059.2 1934.4 -6702.9 153.7 -4124.2 -867.2 -3740.6 -732.4 -2433.2 0.0 0.0
9671.8 -3046.2 260.9 2071.3 3329.6 -2523.1 1787.1 -1148.2 1276.5 -1976.8 0.0
-2299.5 2009.7 2127.8 3498.3 2967.6 16.3 1806.5 -46.5 2897.8 574.5 1298.9
0.0 21330.5 0.0 0.0 0.0 0.0 0.0 0.0 0.0 0.0 0.0
0.0 -42027.3 19353.2 0.0 0.0 0.0 0.0 0.0 0.0 0.0 0.0
0.0 -32957.3 42084.5 -27544.2 0.0 0.0 0.0 0.0 0.0 0.0 0.0
0.0 31994.5 27811.2 -926.1 367.1 0.0 0.0 0.0 0.0 0.0 0.0
0.0 45347.9 -749.0 6268.5 10859.6 9608.4 0.0 0.0 0.0 0.0 0.0
0.0 14533.1 -10592.9 568.6 12871.7 -4147.8 3604.4 0.0 0.0 0.0 0.0
0.0 -7626.3 -10948.4 2633.3 5394.2 -6050.8 -1526.0 -5684.2 0.0 0.0 0.0
0.0 -2409.7 -11614.6 9287.0 -911.9 2754.5 -2446.1 1207.3 -2887.3 0.0 0.0
0.0 -8467.4 -1383.8 5697.7 -2056.3 3081.5 -721.2 1352.5 -210.1 1567.6 0.0
0.0 -4692.6 4445.8 -2378.6 -2204.3 164.1 -1361.6 -2031.5 1411.8 -714.3 1676.5
